1.000000000000000000e+00 0.000000000000000000e+00 0.000000000000000000e+00 0.000000000000000000e+00 1.000000000000000000e+00 0.000000000000000000e+00 0.000000000000000000e+00 0.000000000000000000e+00 1.000000000000000000e+00
9.883288714818759813e-01 -2.187629694479511014e-02 1.507563246678048086e-01 2.309298600511789853e-02 9.997133170504521882e-01 -6.324374225917658507e-03 -1.505747515114298496e-01 9.731975337266890111e-03 9.885507234650663388e-01
9.536740925475083452e-01 -4.239471863494595483e-02 2.978395760061953723e-01 4.520903074336939109e-02 9.989742604756208788e-01 -2.563288206877412274e-03 -2.974254002988506729e-01 1.590958010288773955e-02 9.546124954755297320e-01
8.952098166713660099e-01 -6.189298379573660719e-02 4.413260050031949100e-01 6.216865080357377588e-02 9.979695266352357486e-01 1.385217545033601456e-02 -4.412872567755414255e-01 1.503603885018497781e-02 8.972399202795275919e-01
8.062656714760692012e-01 -7.981240926284523252e-02 5.861447315526290280e-01 7.328425823582999932e-02 9.966999018556850221e-01 3.491021534869699627e-02 -5.869966648065964021e-01 1.480827365118276076e-02 8.094539088406481619e-01
6.887113885347733166e-01 -9.492168177301636700e-02 7.187951708462475553e-01 8.069507779008057435e-02 9.952687910299987673e-01 5.411412035815765104e-02 -7.205310039984101911e-01 2.073422125536760613e-02 6.931126635302345962e-01
5.471505968716195989e-01 -1.071013957386443560e-01 8.301539106538405877e-01 8.583841896167196395e-02 9.937308469930911103e-01 7.162939036843916918e-02 -8.326211564530360265e-01 3.206703549173302303e-02 5.529138405408035029e-01
3.868126143365953062e-01 -1.156899470050482964e-01 9.148725799542016812e-01 9.109514140732276333e-02 9.920405117289778918e-01 8.693272284063806310e-02 -9.176479044830145870e-01 4.971377324722435487e-02 3.942725759515304240e-01
2.141807684431841774e-01 -1.191166602258445090e-01 9.695039039043257256e-01 9.466663151883610017e-02 9.903957021184490728e-01 1.007699464234328851e-01 -9.721958790829984265e-01 7.019668426603452305e-02 2.234000855239107186e-01
3.679920584442003539e-02 -1.183097314254301369e-01 9.922946265597039073e-01 9.815566934578209835e-02 9.885936195976565699e-01 1.142283671689523911e-01 -9.944904640188869660e-01 9.319583006146837934e-02 4.799223098223720507e-02
-1.398154343121267296e-01 -1.132755508099569375e-01 9.836769255791316668e-01 1.001784996737114242e-01 9.867192396455934933e-01 1.278648126590985756e-01 -9.850969051475270133e-01 1.164207528833370725e-01 -1.266108043053253418e-01
-2.954819410977794769e-01 -1.050460896773521835e-01 9.495555494696380494e-01 1.119572947013106612e-01 9.832802695379286861e-01 1.436157223307472641e-01 -9.487655066707750828e-01 1.487455228936861440e-01 -2.787808866669873042e-01
-4.473361252302487934e-01 -9.392861527321169635e-02 8.894199268606725051e-01 1.124808653677634440e-01 9.806651374827366485e-01 1.601372631590919082e-01 -8.872645862368823133e-01 1.716779058551861914e-01 -4.281217708211901840e-01
-5.869258298092714377e-01 -7.927333712041441383e-02 8.057504628137001079e-01 1.072078502943698136e-01 9.788224617526350979e-01 1.743934207582716611e-01 -8.025114000049836660e-01 1.887387781837762957e-01 -5.659974615417784349e-01
-7.128846236583459284e-01 -6.255924960220232700e-02 6.984853997333859699e-01 9.680112972415755301e-02 9.777004426603721488e-01 1.863635847096730136e-01 -6.945682505237520399e-01 2.004699097393970453e-01 -6.909318060803488759e-01
-8.212532386351586444e-01 -4.303824059843727734e-02 5.689383339848479437e-01 8.394182353917867268e-02 9.771867068489089592e-01 1.950894928454678656e-01 -5.643552855180686834e-01 2.079755990590614612e-01 -7.989050393531410554e-01
-9.062012445172442643e-01 -2.043801728578876348e-02 4.223524498387850601e-01 7.321199111223888889e-02 9.761622784742991499e-01 2.043213411302068627e-01 -4.164604528557052099e-01 2.160775174174553170e-01 -8.831031636643198457e-01
-9.637700299531460901e-01 3.384699973418330010e-03 2.667130914863423130e-01 6.226642088202790498e-02 9.751478926849656004e-01 2.126252106938719688e-01 -2.593650365694155080e-01 2.215290752884623848e-01 -9.400290668948406703e-01
-9.937874790892896604e-01 2.627500071768607351e-02 1.081483737401566364e-01 4.989926964144598964e-02 9.737811611510170939e-01 2.219466446617915922e-01 -9.948120070950729199e-02 2.259643213533121253e-01 -9.690426286705514647e-01
-9.974960469827736098e-01 4.786543406211643537e-02 -5.206281279171691423e-02 3.488227782350387940e-02 9.733701481641539033e-01 2.265695949520521169e-01 6.152123980857397700e-02 2.241862058310864214e-01 -9.726025304138774530e-01
-9.761498331700142472e-01 6.648250932895877208e-02 -2.066677990289683131e-01 1.841127035210155666e-02 9.738782510234169632e-01 2.263231700634999177e-01 2.163158069262968719e-01 2.171203079789980894e-01 -9.518751197173553891e-01
-9.316260463205943143e-01 8.316963244329700355e-02 -3.537735462924053720e-01 4.107983210373637728e-03 9.758086618914354471e-01 2.185876937331774905e-01 3.633951489645962929e-01 2.021886930985335451e-01 -9.094304250969975634e-01
-8.635855660252124144e-01 9.815513507926368342e-02 -4.945559014009283660e-01 -5.423048489605397648e-03 9.790030172135243403e-01 2.037736068088683294e-01 5.041731455541763607e-01 1.786579462111534122e-01 -8.449205747036935277e-01
-7.681896393845585314e-01 1.118829418873016623e-01 -6.303704349482647240e-01 -6.202416568694545107e-03 9.832649340590035036e-01 1.820758069559258452e-01 6.401923210808843079e-01 1.437785685162634719e-01 -7.546399905017516785e-01
-6.396585498938489600e-01 1.245077136516028610e-01 -7.585082522879683653e-01 4.104151583136497750e-03 9.873331339592386069e-01 1.586078135717485238e-01 7.686482261005228578e-01 9.834181118668887389e-02 -6.320670792606120081e-01
-4.787194472588368055e-01 1.343397621041052536e-01 -8.676292521198245566e-01 1.363596609145210914e-02 9.892427746783727383e-01 1.456461231045554916e-01 8.778620342883878269e-01 5.789266848614743610e-02 -4.754016067396139023e-01
-3.012571118679646109e-01 1.394263275555317205e-01 -9.432944671380989465e-01 1.988019755293207042e-02 9.899555656465723885e-01 1.399741254326359874e-01 9.533356860488486628e-01 2.341532040678692000e-02 -3.010029775201872870e-01
-1.160131231727278833e-01 1.400395649769963780e-01 -9.833259253638965136e-01 1.913536826321933504e-02 9.901421748196566064e-01 1.387526984416218301e-01 9.930633378255088184e-01 -2.719169809752841616e-03 -1.175491947331212539e-01
6.878211826440872034e-02 1.364214401135554200e-01 -9.882601939187900530e-01 1.407249373342753934e-02 9.903750075915382922e-01 1.376928075760793235e-01 9.975324481575442714e-01 -2.337808836077441554e-02 6.620030103717267078e-02
2.481474698133134260e-01 1.284186529844849323e-01 -9.601726317651951836e-01 8.835400019171012198e-03 9.908330582684290455e-01 1.348027683281514677e-01 9.686819751248353372e-01 -4.193447517356673621e-02 2.447380862476569718e-01
4.170618646988096256e-01 1.163497870277569873e-01 -9.014000932286103662e-01 3.741896877755668260e-03 9.915440513750843898e-01 1.297165848704025792e-01 9.088703973734144625e-01 -5.747278696287228678e-02 4.130998420926982884e-01
5.734022897322508250e-01 1.015377626382803766e-01 -8.129575000504171145e-01 -2.381908956634315455e-04 9.923107983247558828e-01 1.237708479133221851e-01 8.192739208560887443e-01 -7.077684852052781861e-02 5.690174692560794334e-01
7.121599901162573021e-01 8.446047032380030184e-02 -6.969179129784904836e-01 -2.928180773136231096e-03 9.930849837348876274e-01 1.173611555738864193e-01 7.020110926723112099e-01 -8.153921776029364465e-02 7.074827077265332109e-01
8.282955173965355078e-01 6.514198107604302068e-02 -5.564917413244279132e-01 -4.244663690893796248e-03 9.939193514436683863e-01 1.100286583393101508e-01 5.602753954002948067e-01 -8.877412419892348472e-02 8.235354492562887430e-01
9.161290103977782762e-01 4.429946819239598266e-02 -3.984284043908747353e-01 -4.693738904025898662e-03 9.949928139663108961e-01 9.983621071787068812e-02 4.008560902901294187e-01 -8.959273002466852653e-02 9.117497121491393575e-01
9.728498041366924198e-01 2.263897939723429759e-02 -2.303274521264252472e-01 -2.822946980950664236e-03 9.962909331735747553e-01 8.600236884220338607e-02 2.314201580708600825e-01 -8.301718549781880729e-02 9.693053478396159717e-01
