-1.005030071299952733e-02 -9.991670480086350947e-01 3.954998899225715958e-02 4.685490613386573272e-02 3.903798129210921813e-02 9.981385944786540509e-01 -9.988511446791082937e-01 1.188470404958880122e-02 4.642353479528216198e-02
-1.833170763966942285e-01 -9.822579334737290280e-01 3.954998899225752040e-02 5.291935470636190825e-02 3.031316726504670184e-02 9.981385944786542730e-01 -9.816284385646285582e-01 1.850688088746464677e-01 4.642353479528193300e-02
-3.512198686226102873e-01 -9.354573225195410568e-01 3.954998899225711795e-02 5.738187802272948224e-02 2.065590198371922842e-02 9.981385944786542730e-01 -9.345329977905012520e-01 3.528355586641038766e-01 4.642353479528210647e-02
-5.082478257894565976e-01 -8.603022410472976889e-01 3.954998899225688896e-02 6.009605280367705943e-02 1.038319072318816955e-02 9.981385944786542730e-01 -8.591115247845927394e-01 5.096785687071837545e-01 4.642353479528255056e-02
-6.503921057230790392e-01 -7.585683273007194360e-01 3.954998899225664610e-02 6.098593712587487697e-02 -2.483647624547881579e-04 9.981385944786542730e-01 -7.571465012043429033e-01 6.515934554084573671e-01 4.642353479528222443e-02
-7.724940915938650621e-01 -6.337891422415519171e-01 3.954998899225673631e-02 6.001186586649003007e-02 -1.085919736439194122e-02 9.981385944786544950e-01 -6.321799224965880537e-01 7.734296354609896396e-01 4.642353479528232851e-02
-8.707617862364226413e-01 -4.901119361952598896e-01 3.954998899225708325e-02 5.721674186926024169e-02 -2.110901850022663118e-02 9.981385944786540509e-01 -4.883647776818274000e-01 8.714038669508475943e-01 4.642353479528260607e-02
-9.424490124474785846e-01 -3.320024959356244199e-01 3.954998899225703468e-02 5.269962858855472415e-02 -3.069357194600897884e-02 9.981385944786540509e-01 -3.301705742239916530e-01 9.427790023826957411e-01 4.642353479528243954e-02
-9.857996695065799342e-01 -1.632017462266593943e-01 3.954998899225464770e-02 4.656503196113393611e-02 -3.938329608647236219e-02 9.981385944786547171e-01 -1.613403526684411282e-01 9.858063430603063448e-01 4.642353479528149585e-02
-9.991738664975329254e-01 9.347880994212709807e-03 3.954998899226418868e-02 3.907091077591790668e-02 -4.682745074544720359e-02 9.981385944786539399e-01 1.118250595843543055e-02 9.988592528367551404e-01 4.642353479528254362e-02
-9.825073111513625834e-01 1.819757728513096973e-01 3.954998899226131598e-02 3.038539281776564058e-02 -5.287791708725718409e-02 9.981385944786539399e-01 1.837283631817078766e-01 9.818802085690910841e-01 4.642353479528221749e-02
-9.358962769991084896e-01 3.500485067385950000e-01 3.954998899225709019e-02 2.072772141260206813e-02 -5.735597420686013026e-02 9.981385944786542730e-01 3.516653526639345051e-01 9.349739756553985259e-01 4.642353479528232157e-02
-8.601514376141934370e-01 5.085030017029882332e-01 3.954998899225852654e-02 1.036536349772764799e-02 -6.009913020781972037e-02 9.981385944786544950e-01 5.099333913461608914e-01 8.589602969912606412e-01 4.642353479528183585e-02
-7.592836538564249338e-01 6.495568730735971075e-01 3.954998899225830450e-02 -1.812468284191710497e-04 -6.098617352944635250e-02 9.981385944786542730e-01 6.507597868153993659e-01 7.578631507608001305e-01 4.642353479528260607e-02
-6.356462393502575470e-01 7.709667027638661407e-01 3.954998899225705550e-02 -1.071475318269445379e-02 -6.003782371480782809e-02 9.981385944786542730e-01 7.719061163536076187e-01 6.340392755602780595e-01 4.642353479528193994e-02
-4.919583208781228567e-01 8.697199600385691065e-01 3.954998899225734693e-02 -2.098757471722951032e-02 -5.726139991010652242e-02 9.981385944786542730e-01 8.703657462390548272e-01 4.902125285943277899e-01 4.642353479528216198e-02
-3.330859665117767987e-01 9.420666310211966987e-01 3.954998899225733999e-02 -3.063295414428888336e-02 -5.273488724336482941e-02 9.981385944786540509e-01 9.423987272027215534e-01 3.312544254554221079e-01 4.642353479528282811e-02
-1.643189108046742564e-01 9.856140694626256415e-01 3.954998899225691672e-02 -3.933049568319054584e-02 -4.660963764599484332e-02 9.981385944786540509e-01 9.856228526476443763e-01 1.624575260055107773e-01 4.642353479528210647e-02
9.789596388959273879e-03 9.991696363347182253e-01 3.954998899225711101e-02 -4.684471869744036981e-02 -3.905020540706729409e-02 9.981385944786540509e-01 9.988542116508790647e-01 -1.162408208901827278e-02 4.642353479528263382e-02
1.833056223613297453e-01 9.822600710511639743e-01 3.954998899225756204e-02 -5.291900122360162356e-02 -3.031378435090126972e-02 9.981385944786542730e-01 9.816305965689038349e-01 -1.850573621796473556e-01 4.642353479528260607e-02
3.510580181375051456e-01 9.355180737281774128e-01 3.954998899225767306e-02 -5.737830344751859019e-02 -2.066582942107595203e-02 9.981385944786542730e-01 9.345940285465405006e-01 -3.526738680739750498e-01 4.642353479528280036e-02
5.081416994837889556e-01 8.603649293273401000e-01 3.954998899225703468e-02 -6.009477152970168351e-02 -1.039060378271624771e-02 9.981385944786542730e-01 8.591743895627473870e-01 -5.095725892712358318e-01 4.642353479528234933e-02
6.499122669173493794e-01 7.589794751382048510e-01 3.954998899225701386e-02 -6.098608199397834856e-02 2.097979984335444567e-04 9.981385944786544950e-01 7.575584090440657947e-01 -6.511145155068617241e-01 4.642353479528196075e-02
7.719781413870783204e-01 6.344174868265094469e-01 3.954998899225758979e-02 -6.002068179159449068e-02 1.081036398316937049e-02 9.981385944786542730e-01 6.328090288371557293e-01 -7.729149943165076753e-01 4.642353479528198851e-02
8.705159200573809875e-01 4.905485004536894178e-01 3.954998899225722897e-02 -5.722731936628096261e-02 2.108032566935552979e-02 9.981385944786540509e-01 4.888016641182810207e-01 -8.711588767683599022e-01 4.642353479528182891e-02
9.426933762397200489e-01 3.313080089048111021e-01 3.954998899225732611e-02 -5.267699924443890874e-02 3.073239272783379744e-02 9.981385944786544950e-01 3.294758445536780656e-01 -9.430220163245139897e-01 4.642353479528200239e-02
9.859395945187293675e-01 1.623542864569824107e-01 3.954998899225761755e-02 -4.653116063305647032e-02 3.942330912438943291e-02 9.981385944786542730e-01 1.604928878498492750e-01 -9.859446680046132228e-01 4.642353479528214810e-02
9.991563652387914773e-01 -1.106147248419802817e-02 3.954998899225748571e-02 -3.899054320449184957e-02 4.689438935304648948e-02 9.981385944786540509e-01 -1.289555518095335772e-02 -9.988386056183883310e-01 4.642353479528222443e-02
9.822174304626395402e-01 -1.835339686981192209e-01 3.954998899225761755e-02 -3.030148116646117634e-02 5.292604700235113702e-02 9.981385944786542730e-01 -1.852855621317767709e-01 -9.815875487609970751e-01 4.642353479528234239e-02
9.357053449763355069e-01 -3.505585625162067065e-01 3.954998899225706244e-02 -2.069645661275487658e-02 5.736726327665271630e-02 9.981385944786542730e-01 -3.521749055034916198e-01 -9.347821625120571465e-01 4.642353479528225912e-02
8.616131970098840354e-01 -5.060222298566730004e-01 3.954998899225636855e-02 -1.053850548019875065e-02 6.006901126554521630e-02 9.981385944786544950e-01 -5.074560460184220911e-01 -8.604261832234422203e-01 4.642353479528237015e-02
7.614871339149810181e-01 -6.469722894009141134e-01 3.954998899225667386e-02 -2.604832807564991441e-05 6.098643729273758168e-02 9.981385944786542730e-01 -6.481800245328703802e-01 -7.600707277705667231e-01 4.642353479528243260e-02
6.383111403645490567e-01 -7.687617878492799539e-01 3.954998899225736081e-02 1.050686744364012076e-02 6.007455325425400949e-02 9.981385944786542730e-01 -7.697067583326983042e-01 -6.367074379917989635e-01 4.642353479528199545e-02
4.956234654972901943e-01 -8.676365476506668895e-01 3.954998899225704162e-02 2.074579054390400523e-02 5.734944103376146685e-02 9.981385944786540509e-01 -8.682896939519463286e-01 -4.938804134544581559e-01 4.642353479528209953e-02
3.387685162965194952e-01 -9.400381325972722024e-01 3.954998899225763143e-02 3.031395866361472416e-02 5.291890137103296560e-02 9.981385944786540509e-01 -9.403812823936871235e-01 -3.369390139783694504e-01 4.642353479528202320e-02
1.714383409494429356e-01 -9.844006773784825803e-01 3.954998899225697917e-02 3.899258791606650260e-02 4.689268919335100316e-02 9.981385944786544950e-01 -9.844229138638080912e-01 -1.695770682521692274e-01 4.642353479528188442e-02
